0;1;2
3;4;7;10;13;15;18;19;22;25;26;35;42;45;50;52;54;59;68;74;79;85;90;96;100;104;107;113;120;123;126;127;129;133;134;136;138;152;154;157;159;162;165;170;173;182;187;188;191;194;201;206;214;222
5
6;9;17;28;30;36;37;39;43;47;53;55;56;63;65;69;73;75;77;82;84;88;91;94;97;102;106;109;111;115;118;121;125;128;131;139;142;151;158;164;166;167;168;172;174;177;179;184;185;190;193
196;200
209
352;357;365;381;387;394
356;403;411;417;428;434;447;449;452;454;459;465;509;517;532;540;543;544
322;330;332;349;364;370;383;391
329;348;351;355;369;382;390
217;229;232;242;249;257;260
400;406;414;421
405;419;425;430
412;418;424
429;441
440;446
445;450;456;477;485
448
453
455;462;470;476;495
461;469;484;494
504
511
460;467;474
481;490;501;518;526
489;510
466;473;480;488;500;525;533
478;487
498
515;524;538
523;530;537;541
508
514;522;529
521;528;536
506;513
545;547;550
553;555;556
561
566
546;548;554
220;228;241;245;256;269;272;277;282;285;289;294;297;306;310;315;345;360;375;388;401;409;432;439;451;458;464;479;499;516;531;539;542
235;247;252;259;267;276;283;293;305;314;323;333;343;359;367;373;389;396;408;415;422;427;433;457;463;472
273;295;298;302;307;311;316;325;331;337;366;372;397;402;410;416;423
264;286;290;299;308;312;317;320;326;338;342;353;358
226;236;240;244;248;255;263;268;271;281;284;301;324;334;336
8;11;14;16;20;23;24;27;33;38;46;48;51;62;64;71;72;80;87;92;93;105;108;114;117;124;130;135;137;140;143;144;145;148;150;156;160;163;171;176;183;192;195;198;205;207;211;216;218;223;224;227;238;251;266;270;279;288;292;303
