0
1;2;4;5;6;7;9;11;13;15;17;18;20;24;25;29;32;35;38;39;40;41;42;43;45;46;47;48;51;53;54;56;59;61;62;63;65;66;67;69
71
72;74;79
82;90;93;101;109;115;119;123;131;150;158;171;183;190;197;217;225;232;240;248;263;273;300;334;346;359;371;394;407;414;421;422;429;438
78;88;91;97;104;113;129;132;139;140;148;157;169;181;188;203;215;216
76;81;84;103;107;112;118;121;126;134;137;138
142;145;153
144
152;174
151;159
164
172
160;167;175;179;192;201;212;238;255;261;270;281
166;185;206
211;222;246;280
229
237;245;254;268;278;313
253;259;267;277;288;291;297;306
178;184;210;221;236
252;276;287;296
266;305
321
340;353
367
329
339;352;366
351
369;376;384
399;404
411
403;417
416;427
426
177;191;199;205;207;242;285;311;360;401;408;434;441;442;445;450
165;173;200;208;219;226;234;243;275;286;294;302;318;336;381;389;400;406;413;420
209;220;227;235;257;319;326;337;347;361;372;379
85;89;92;98;100;105;108;114;122;127;130;133;135;141;149;163;170;182;189;196;204;224;283;333;358;370;386;393
83;87;95;110;117;120;125;128;136;143;155;161;176;180;194;213;230;247;271;282;289;309;322;342;355
80;96;106;111;147;156;162;168;187;195;214;223;231;239;262;272;292;299;308;315
3;8;10;12;14;16;19;21;22;23;26;27;28;30;31;33;34;36;37;44;49;50;52;55;57;58;60;64;68;70;73;75;77;86;94;99;102;116;124;146;154
