0
1
2
4;7;13;27;38;51;57;61;64
23;35;50
29;34
3;6;16
173;177
187;190;196;213;218;225
176;180;181;183;193
195;203;208
200;207;211
222
386;389;400;419;438;475;486
505;518;542;550
399;424;461;474
485;504;517
409;417;429;484;496;516;541;549;554
405;413;426;432;443;453
412;421;451;465
523;555
422;428;435
427;447;457;473;482;530;539
547
446
456;471;502;529
470;481;501
455;469;512
585;590
589;594
581;586;592;600;606
591;599;603
184;189;205;227;231;247;252;254;258;262;265;268;274;280;283;289;293;306;310;318;328;332;336;345;349;350;355;358;365;369;373;381;382;394;397;401;416;423;458;495;514;531;548;553;557;560;563;566;568;570;577;580
246;249;251;253;255;260;272;279;281;286;297;302;304;309;317;325;327;330;335;340;347;354;363;372;375;380;392;398;402;408;436;459;503;515;540;558;559;561;562;564;565;567;569;571
217;223;233;238;241;248;257;263;271;275;285;295;296;308;316;321;324;329;334;337;339;351;362;367;371;374;379;384;391;393;407
185;188;191;194;197;201;204;210;226;243;250;261;264;267;273;276;277;282;287;292;300;322;331;338;341;344;348;357;360;364;368;376;387;390;395
11;18;24;30;41;55;60;67;69;71;73;79;87;93;95;97;100;103;105;108;111;113;115;117;120;128;131;133;134;137;139;144;148;150;155;157;158;162;164;166;168;170;175;179;186;199;202;216;228;237;244;266;270;291;299;301;303;305;312;314;320;323;326;343;353;356;378;383;388;396;406;415
14;21;43;47;52;62;65;68;70;72;75;77;81;83;85;90;91;94;96;98;106;109;112;118;121;122;123;125;127;129;132;135;138;140;142;145;147;149;151;153;156;159;160;163;172;174;178;182;192;198;206;221;256;259;269;278;284;288;290;294;298;307;311;313;315;319;333;342;346;352;359;361;366;370;377;385
49;54;59;66;74;76;78;80;82;84;86;88;89;92;99;101;102;104;107;110;114;116;119;124;126;130;136;141;143;146;152;154;161;165;167;169;171
