0;1;2;3
4;6;8;11;13;20
5;7
9;12
18
22;30
37;44
29;36;42;59;64
14;17;27;35;40;48;52
179;186
192
199
210
215;219;226
231
240;248
225;233;247
214;218;230;246;262;267;271
201;204;209;213;224;238;245;253;258;261;266;270;275;280;286
183;208;212;229
324
340;347;355;359;388
346;349;354;365
326;337;339;345;348;358;383;387;396
330;336;344;353;368;373
415;427;431;438;463;473;482;490;497
418;421;424;430;432;436;449;456
462;481
472;480;489;512;518
437;440;446;451;458;467;475;492;500;508;522;531;537
439
443;466;483;491;499
507;521;530;548;555;561
513;520;535;547;554;567
457;465;474;498;506;519
529;565
545;559;570
558
476;484;494
501;524;552;557;564;569;573
538
542
563
493
189;205;216;227;234;241;249;263;272;276;281;290;293;298;303;309;312;314;321;323;329;333;335;338;343;362;372;377;382;393;399;405;407;409;412
28;41;63;68;75;83;86;88;95;101;108;112;116;119;123;134;138;142;146;152;155;158;166;173;176;180;190;195;202;220;232;235;242;250;254;282;291;294;301;307;322;328;332;341;352;371;376;381;385;403;411;417;420;423;426;429;435;441;453;460;469;495;502;527;534
32;46;57;77;81;85;89;91;94;99;106;111;114;121;126;128;132;136;140;150;153;157;164;168;171;181;184;187;191;193;196;206;221;228;236;255;260;264;268;273;277;284;287;295;299;302;305;306;311;313;317;319;327;342;357;361;386;404;408;410;414;416;419;434;444;447;452;468
43;50;55;76;79;87;90;93;98;103;109;113;117;124;130;135;143;144;147;149;162;165;174;178;182;188;194;197;200;203;207;222;237;256;265;274;278;283;285;288;292;296;308;316;320;325;331;334;351;356;367;370;392;402;413;422;425;428;433
15;31;66;73;80;96;105;110;118;120;125;131;139;141;154;160;169;172;185;198;211;217;223;243;251;257;269;279;289;297;300;304;310;315;318
25;33;38;47;51;58;67;71;74;78;82;92;97;100;102;104;107;115;122;127;129;133;137;145;148;151;156;159;161;163;167;170;175;177
