0;1
2;3;6
9;12;15;19;21
26;27;35;37;40;44;49;52;55;59;62;64;69;71;81;85;90;92;94;100;107;109;111;113;115;121;122;137;143;157;164;166;168;171;173;176;179;180;181;183;185
187
189;191;193;198;203;207
216
220
190;197;202
196
4
5;8;10
7;13
129;132
136;141;150;154;162;167
140;149;159
145;148;158;161
288;296;304;308
313;323;343;360;368;379
318
334;340
339;377;385;391
293;299;303;312;317
326
333;348;366
380;402;408;413;421;428;448;457;468;485
392;399
412;418;427;434;447;456;484
417;425;432;439
445;455;464;477;488;490
454;467;487
398;407;416;424;431;438;444
324;354;365
328
337;364;372;389
344;352;363;371;387;394
351;362;393
414;419;423;437;451;461;473
422;430
436;442;450;460
449
441;458;470;479;486
218;224;227;233;240;243;246;258;262;266;275;279;282;295;309;314;319;345;356;374;397;410
192;199;223;225;229;235;238;244;248;251;255;260;273;277;284;300;310;315;329;346;355;383;401;406
212;221;228;234;237;247;250;254;259;261;263;270;276;287;292;298;306;320;330;347;361;369
206;211;215;230;232;239;245;253;256;257;269;271;274;278;286;290;294;302;305
23;28;31;33;38;41;45;53;56;60;65;72;74;77;79;82;83;87;89;93;95;98;101;108;112;116;118;123;128;130;134;138;144;153;169;170;172;174;175;177;178;182;184;186;194;208;219;222;241;264;267;272;280;283
17;20;24;29;32;36;39;42;46;47;50;54;57;63;66;67;73;75;78;91;96;99;102;103;105;110;117;119;120;124
