0;1;2;3;4;5
6
7;10;11;17;19;22;25;28;31;33;38;42;47;51;57;61;64;67;70;73;79;83;87;89;94;99;102;109;110;112;116;117;122;124;127;129;136;140;144;147;150;152;153;166;186;191;197;213;214;232
246
265
277;284;298;321;327;333;339;353;368;373;387;393;396;407;420;426;444;445;454;463
478
485;490
9;14;16;21;23;24;27;30;32;34;37;40;43;49;53;56;59;60;69;76;78;80;85;91;96;104;105;113;115;119;121;126;128;132;133;137;143;146
149;157;162
156;160
411;416;422;428;437;448
164;168;178
417
432;452;459
475
440;451
469;474;481
473;480
479;487;492
498
506;511
526;534;554
533
510;525;532;545
502;505;509;519;531;552;575
516;524
530
541
500;514
521;547;561;570;580
528;537;559
501
503;513;536;568
507
512;535
557
520;527
515;523
549;564;573;590;602;607
563;572;589;596;606
587;595
600
522
529;539;586;594;599;604;608
548;571
271;285;299;315;334;347;354;359;372;379;383;386;435;446;462;470;477;484;494;499;504
171;175;180;184;196;207;211;218;222;226;236;251;264;269;290;296;303;308;312;319;323;344;351;357;371;378;382;392;395;419;425;434;443;461;476;482;488;493;496
192;204;209;215;229;234;240;249;256;273;281;288;311;318;322;329;338;345;375;381;388;402;412;418;433;442;453;460;483;495;497
255;259;272;278;286;292;300;328;335;340;348;360;369;374;380;384;394;397;408;414;431;449;465
254;258;270;276;283;310;314;326;332;346;364;367;398;403;409;415;424;430;456
183;189;199;205;210;216;221;225;235;243;250;262;267;274;289;294;306;313;320;324;352;358;366;370;391;406
165;176;185;193;201;208;212;219;223;231;237;242;252;257;275;282;291;297;304;309;330;342;362;365;376;389;399;400
8;12;13;15;18;20;26;29;36;39;46;48;52;55;58;62;65;68;71;74;75;82;84;88;90;92;97;100;103;106;108;118;123;131;135;139;142;155;159;167;170;173;182;188;195;198;203;220;228;233;248;261;266;280;293;302;305;317;337;349;361
