0;1;2;3
5;6;8;9;11;13;14;16;19;21;24;26;28;30;32;33;34;37;41;45;48;55;58;63;68;72;78;80;85;87;90;92;99;101;104;110;112;117;119;124;130;135;137;138;141;143;145;148;151;154;157;160;163;166;172;179;182;187;188
190
194;201;206
218;228;277;282;295;298;303;311;322;335;340;368;379;383;386;387
390;396
394
398
403
197;212
38;44;47;53
42;46;52;57;59;73
419;426
422
301;307;310;320
327;332;338;345;352;357;363
336
343;350;355;361;367
349
306;315
326;331;342;348
193;196;199;209;240;248;261;275;286
198;204
208;225;232;247;274
216
224;239;246;259;266;273;280;285;292
231;253
434;452
457;465;481
464;476
440
444;456;463;474
441;448;454;460;468;482
447;467
60;70;79;82;84;96;103;109;111;114;116;123;126;129;133;144;146;152;153;156;162;165;170;176;177;180;183;185;191;202;207;214;222;230;237;245;272;278;283;290;297
66;76;86;89;91;94;95;98;100;102;106;108;115;121;122;125;131;134;139;140;147;149;150;158;164;168;174;178;186
221;227;243;249;264;271;276;294;318;321;329;334;360;374;378;382;393;400;404;413;421;423;425
213;229;236;244;250;288;304;308;312;341;366;369;372;375;380;384;391;401;406;408;411;415;417;418;420;427
205;210;220;234;242;262;270;287;316;333;353;358;364;371;376;381;385;389;392;395;402;409;416
226;235;256;263;293;302;317;328;339;346;354;359;365;370;373;377;388;405;407;410;412;414;424;428;430
4;7;10;12;15;17;18;20;22;23;25;27;29;31;35
