0;1;2;3;4
5;10
12;19;25;30;35;42
15;29;34;41;46;50
6
7;8
11;18;21;28;40;44;45;49
14;24;33
17;20
32;38;43;47;52;53
421;427;435;443;449
429;433;447;452;464
432
451;463
250;255;266
271;280
278;290;299
254
257;261;270;277
265;284
289
298;309;316;326;332;347
287;336
367;376;383;389;393
306;312
319;345;366
329
335;344
343
349;352
362;374
381;387;390
386;394;402;404;406
373;380
356;372;379;385
503;507;512;519;525;529
506;511;518
524
528;539;543;557
538;542
531
536;550;560;563
573;576;580;585
592
541;544;549;554;572;589;591
535;540;547;552;558;574;578;588;590
363;375;391;399;403;407;410;414;422;428;436;444;454;459;465;467;471;473;476;478;485;487;489;492;495;498;505;509;515;520
61;66;70;72;76;84;91;92;109;115;123;128;146;154;171;176;194;196;198;206;211;220;228;231;239;243;248;251;259;263;267;273;281;302;314;320;324;360;369;384;397;401;412;419;424;430;439;446;469;474;479;481;484;491
58;63;71;73;79;86;95;100;103;107;111;113;121;125;133;138;142;145;149;152;156;159;162;167;170;173;175;179;186;193;201;203;205;208;210;214;216;236;244;264;294;301;307;313;323;337;350;359;368;377;400;405;411;418;423;445;450;455;460;466;468;477;483;488;490;493;499;502;510;516;521;537
56;59;68;78;94;98;106;117;120;129;132;136;141;148;158;165;172;177;181;184;187;191;199;218;221;225;232;237;240;245;252
39;48;54;62;67;77;82;85;89;93;97;102;105;110;112;116;124;131;135;147;155;164;169;180;183;190;204;207;212;217;224;235;238;242;247
65;69;75;81;83;88;99;104;119;122;127;130;137;140;143;144;151;157;160;163;168;174
55;57;60;64;74;80;87;90;96;101;108;114;118;126;134;139;150;153;161;166;182;188;195;200;213;215;219;222;226;229;230;233;241;249;253;256;268;274;276;295;330;355;361;370;398;409;413;416;417
