0;1;2;3;4;5
6;8
13;16;21
20;23
7;9;12
30;34;39;62;70;77;80;91;96;101;106;110;114;119;124;132;138;146;151;156;161;181;185;192;204;209;215;217;222;226;243;249;251;262;264;303;310;326;334;345;359;366;369;372;376;384;396;404;407;410;415;423;428;431;435;439;442;449;451;456;462;465;486;490;511;549;558;568;595;601;604;610;614;620;624;630;634;635;641;644;661;672;697
267;278;285;294
270
277;292;301
284;291;300
290;299;308;323;332;342
488
492;506;531;576
582;591
590;597
505;521;543;560;574
513;520;542;588
489;498;503
510;538;557;566
517;537;556;565;579
536;555;578
493;501;507;514;533
553;564;600;603
584
625;627;638;643;646;658;703;720
626;631;637;642;645
656;664;668;675;690;715;727
663;674;681;687;699;706;714;724
781;783;785
790;793;797;804
782;784;798
318;330;337;341;344;349;358;362;365;371;375;381;386;393;395;399;403;406;412;419;422;426;433;447;452;460;466;468;473;475;478;480;491;519;541;551;602;605;608;612;616;617;621
711;735;738;740;750;752;754;755;758;763;765;767;772;779
32;36;46;58;65;82;88;98;104;107;129;133;136;144;149;158;164;166;174;179;183;187;201;210;218;227;236;241;246;255;261;271;279;295;302;315;333;339;347;350;354;363;368;382;390;394;402;405;408;418;421;425;430;437;446;448;454;470;474;477;484
15;18;25;35;40;43;48;56;63;71;73;78;81;86;92;97;102;111;116;125;128;142;147;152;162;169;173;177;186;195;200;206;214;230;240;250;268;272;286;296;304;311;316;320;327;351;355;364;373;378;389;398;411;417;424;440;453;458;461;463;469;476;481;483
24;27;37;45;50;53;59;66;72;89;94;99;113;117;121;130;137;139;150;159;175;188;191;194;199;203;208;221;232;235;245;254;258
38;41;55;61;67;76;85;90;95;100;109;115;118;123;127;131;141;155;168;172;180;184;197;207;212;224;231;234;238;244;257;266;282
