0;1;2;3
4
5;9
17;25;32
44;48;52;56;60
24;29
8
10;12;16;23;28;31;34;43
15;18
6;7;11;13
14
21;27;47
20;26;30;33
174
179;233
272;281;293
184;188;196;210;232;247;280;292;304
220;231;245;270;290;303;311;318
178
208;218
258
190;223;235
197;205;211
222;234
248
259;296;306;313;324
295;305
294
312;320
342;353;362;379;397;410;414;418;431;435;455;466;472;481;487;491;509;526;534;553;563;575;581;586;590;606;611;621;643;659;670;682;690;699;708;711;737;743;747;754;770;778;779;785;815;825;832
162;167;172;181;200;207
215;226;256;267
255
166;171
185;192
199
251;263
206;238
191;198;213
224
237;250
755;757
763;773;798;824;838;846;852;859;867
772;787;804;813;818;823
830;837
836;851;866;873
756;771;786;792;811;817;822;845
321;328;340;376;385;400
327;339;344;351;366;384
393;407;416
399;406;413
337;355;373
511;529;560;573
516
522;549;559;566
572
578
528;548;557;564;576
601;608;632;637;646;655;664;686;694
607;616;624;676
615;623;631
636
645;654;663;685;693;701
653
661;674;684;692
595;604;651;668
680;689
697;717;723
706
688;705;716;722
599
603;614;619;628;641;650;667;679;696;704;709
609;613;626;639;657;665;678
602;612;617;625;633;638;656
695;702;714;727
713;721
698;707
710
719;746;769;777;790;795;808;814
731;735;742;745;752
734;738;741;761;767;775;784
718;725;730;733;744;760;766
724;729;740;758
774
781;788;799
331;338;356;364;382;412;420;438;448;457;467;471;479;486;495;506;520;527;539;547;554;582;597;622;644;671
239;252;307;325;336;343;348;363;423;428;440;446;451;456;460;463;470;473;485;493;500;504;508;518;545;551;562;569;579;592;594;598
265;274;285;298;308;326;349;354;372;381;390;405;424;429;432;437;441;445;447;452;464;474;478;494;501;507
187;195;230;244;269;279;289;302;323;334;361;371;388;403;409;417;422;426;434;439;443;449;454;459;461;469;476;480;484;490;497;505;514;524;532;546;552;580;589;593
53;63;68;73;89;93;99;103;106;112;120;129;133;158;163;173;182;193;216;227;257;268;277;287;301;310;317;322;333;341;346;360;370;378;387;402;421;425;430;433;442;453;458;465;468;475;483;489;496;499;513;519;525;533;538;585;596;600;605;610;620;629;635;642;669;681;720;726;732;736;748
72;75;80;85;96;101;104;108;117;122;126;131;136;148;152;155;159;164;168;176;194;201;228;242;276;286;316;329;332;352;359;369;386;396
36;40;54;58;62;64;69;71;74;79;83;90;95;100;107;109;113;121;130;135;139;142;144;147;151;169;177;183;186;202;217;229;243;275;300;309
38;50;67;70;76;78;82;87;92;98;111;116;124;134;138;141;146;150;154
37;45;49;57;61;66;81;86;97;102;105;110;115;118;119;123;125;128;137;140;157;161;170;175;180
19;41;51;55;59;65;77;84;88;91;94;114;127;132;143;145;149;153;156;160;165
