0;1;2;3
5;6;8;9;11;13;14;16;19;21;24;26;28;30;32;33;34;37;40;43;46;52;55;57;60;63;67;69;74;76;79;81;88;90;93;99;101;106;108;113;119;124;126;127;130;132;134;137;140;143;146;149;152;155;161;168;171;176;177
179
183;190;195
208;219;274;281;296;300;307;317;329;347;354;386;402;406;410;411
418;427
422
431
452;464;483;499;512;524;531;541;550;593;629;648;649;690;711
41
44;50;54
673
186;201
38;42;45;51
303;312;316;327
337;343;350;360;368;373;380
348;365
311;321
336;342;357;364
298;302;310;320;332
301;315;319
326
331
182;185;188;198;224;233;264;278
187;193
197;216;223;239
248;254;262
270
205
222;246
230;245;251
202;220;228;236;243
528;538;545;570;597;615
537
569
585;596;614;652
555
568
631;651
529;539;557
573;600;654
588;618;636;653
571;616
547
559;577
590;622;681;698;734
601
639
660;680;697
715
733
679;696
576;589
558;575;621;657;676;692
548;561
591;605;625;643;682
604;642;664
560;578
602;640
661
592;627;646
667;686
704
722;729;743
720
606;626;645;685;727
669
689
708
725;739;746;748;750
738
732;744
707;724
688;731;736
56;62;68;71;73;85;92;98;100;103;105;112;115;118;122;133;135;141;142;145;151;154;159;165;166;169;172;174;180;191;196;203;213;221;229;237;268;275;282;289;299
47;49;53;58;61;64;66;70;72;77;82;86;94;96;102;107;109;116;117;121;125;131;144;148;150;156;158;160;162;164;170;173;178;181;184;192;204;209;214;244;250;288
59;65;75;78;80;83;84;87;89;91;95;97;104;110;111;114;120;123;128;129;136;138;139;147;153;157;163;167;175
466;472;477;501;525;534;543;553;565;609;628
437;451;455;471;491;506;511;523;530;549;581;647
267;297;309;330;334;340;356;378;383;412;416;426;429;463;470;476;490;498;505;518;522;562;580
194;199;206;211;226;272;279;292;304;323;351;382;391;398;399;409;433;448;458;481;497;510;517;540
189;200;207;241;257;280;293;305;313;333;345;352;361;375;389;394;414;417;424;428;432;439;443;447;453;468;475;482;489;495;504;509
212;218;235;242;259;266;273;295;325;328;339;346;377;395;401;405;421;434;440;459;480;488;496
287;308;314;318;355;385;387;392;396;403;407;419;435;442;445;450;461;469;474;479;516
217;227;249;258;294;306;324;338;353;362;370;376;384;388;393;400;413;441;444;449;454;460
4;7;10;12;15;17;18;20;22;23;25;27;29;31;35
