0;1;2
3;4;7;10;13;15;18;19;22;25;26;35;42;45;50;52;54;59;68;74;79;85;90;96;100;104;107;113;120;123;126;127;129;133;134;136;138;152;154;157;159;162;165;170;173;182;187;188;191;194;200
5
6;9
12;21;29;31;32;34;40;41;44;49;57;58;60;61;66;67;70;76;78;81;83;86;89;95;98;99;101;103;110;112;116;119;122;132;141;146;147;149;153;155;161;169;175;178;180;181;186;189;198;205;209;217;224;231;236;242;265;277;299;306;346;353;365;366;376;389;397;405;409
423;437
17;28;30;36;37;39;43;47;53;55;56;63;65;69;73;75;77;82;84;88;91;94;97;102;106;109;111;115;118;121;125;128;131;139;142;151;158;164;166;167;168;172;174;177;179;184;185;190;193
196;199
207
206
225
411;443;448
416
467;478;487;503;511;526;530;535;540;548;556;616;629;648;659;670;671;689;714
370;378;382;407;424;431;446;453
377;406;410;415
519
214;229;232;245;256;268;273
463
491
505
479;489;499;518
537
542;551;563;572;599
550
562;584;598;620
596
561;582;595;608;631
549;560;570
581;594;607;630;640
593;619
237;254;262;272
574;587
602
624;636;656;667
613
623;634;643
633;642;654
586;601;612;641;653
673
679;685
693;702;709
725
719;724;732
684;692
678;683;701
740;745;756;778;801;823;855
744
755;765;788;867
764;777;787;820
741;747
751
759;772;792;807;830;846;860
771
758;770;843;859;870
746
757;779;805;826;858;869
768;856
742;749;762
782
794;812;832;850
748;760
773;793;809
808
775
786
818
840;853;866;874;879
865;873
839;864
797;817;838
785
796;837;863;878
816;836;852;877
541;558;568;579;591;618;638;650;660;672;677;691;699;708;717;722;738
447;454;462;468;488;498;517;522;536;557;578;590;617;649;666;676;696;706;712;726;737
201;212;215;221;226;235;240;248;253;260;271;276;289;298;312;321;334;344;381;387;394;413;420;451;460;477;485;510;516;525;534;539;547;555;567;576;588;604;615;627;665;669;675;681;687;695;705;711;721;763
278;286;291;301;307;314;328;359;367;384;400;427;439;457;466;475;484;495;502;506;513;521;523;545;626;637;663;668;674;703;710;720;733;739
203;211;220;234;252;258;264;275;282;296;310;319;332;339;342;351;364;388;395;421;430;442;445;452;461;486;497;509;524;529;533;577;589;605;628;647;658;688;700;723;729;735;743
218;228;244;250;267;288;293;302;309;316;323;329;335;348;354;360;402;419;436;449;464;473;507;514;532;546;553;575;603;625;645;657;662
285;300;313;327;347;358;371;383;399;418;426;434;450;456;472;482;493;501;508;544;552;565
294;330;336;341;349;355;361;373;379;391;425;433;458;465;474;483;494;527
210;219;230;233;239;246;251;257;263;269;274;281;295;303;318;325;331;338;357;369;375;393;401;428;435;440;455;471
280;317;324;337;350;356;362;368;374;392;398;412;417
238;243;249;255;266;279;287;292;308;315;340;372;385;390
8;11;14;16;20;23;24;27;33;38;46;48;51;62;64;71;72;80;87;92;93;105;108;114;117;124;130;135;137;140;143;144;145;148;150;156;160;163;171;176;183;192;195;197;202;204;208;213;216;222;223;227;241;261;284;290;305;322;326;345
