0;1;2;3;4;5;6;7;8;9;10
11
12
15;22;46
21;26;31;41;42
16;19
24;29;35
13;18;23
28;37;39;43;48;60;67
33;36
298;308;315;320;327;351;386;397
307;334;361
385
314;319;344;350;360;368;377
52;58;64;73;87
462;465
475
479;486
518;565
532
485;505;516;541;549;556
474
492;504;529;548
558;608
625;640;651;667;674;685;694;701;709
630;639;650
666
673;693;700;714
572;583;603
613;629;665;672
624;649
778;784;792;798;809;827;846;856
797;817;826;832;839;845
763;768;772
767;799;818
866
871
877;886;892;904;913;947
891;899;936
876;885;898;910;922
870
883
897;909
887
916
976
928;940;952;962;967
893
905;926;939;951;961;975
914
925;938;950;960;966;991;1008;1021
937;949;958;981;990;1000;1007
978;993;1012;1059
1072;1081;1091;1108;1118
1080
985;1002;1011;1044;1079;1090;1107;1121
992
1001;1022;1033;1042
1009;1032;1068;1087;1097
986;995;1004
1016;1047;1062
1025
1035;1046;1061
1060
1003;1014;1024;1045
984;989;999;1031;1055;1067
1077;1096;1116
988
998
1006;1020;1030;1054;1085
1019;1040;1053
1028;1051;1063
997;1018;1026
684;699;708;713;731;738;744;756;771;783;791;796;807;816;868;881;901;934
484;493;511;524;530;540;564;571;575;590;601;606;622;637;647;664;681;697;706;712;736;751;761;765;770;776;781;789;815;824;838;853;863;867;880;889;900;918;932;944;956;970;982
396;404;422;430;437;441;445;448;455;461;464;469;473;483;497;503;509;569;589;605;621;636;646;705;711;719;726;730;750;754;775;788;805;814;831;844;852;862;873;888;895;931;943;955;969
108;115;125;130;135;151;166;178;182;193;223;249;256;283;292;306;317;329;356;373;393;407;413;426;434;442;446;449;457;477;481;494;500;513;526;536;560;578;586;597;610;617;627;644;658;691;717;724;728;742;749;774;780;804;813;850;861;878
56;62;69;85;102;107;114;119;124;128;134;142;149;155;164;177;181;192;198;204;214;216;227;235;239;261;264;272;297;331;340;357;365;381;394;402;408;428;435;444;447;460;482;490;496;521;527;544;579;587;618;643;656;662;679;696;703;715;722;734;740;747;760;786;803;822;830;837;849;860
34;44;61;71;75;77;83;89;95;112;118;123;146;159;163;171;175;180;184;196;201;207;211;226;232;238;248;252;259;263;268;271;278;293;301;311;323;330;347;374;391;414;427;439;443;451;456;463;476;480;487;537;545;567;573;598;611;619;634;661;678;727;733;739;746;759;764;801;820;835;842;858
54;59;66;70;74;82;88;94;99;111;117;122;145;147;153;158;162;174;179;183;195;225;243;247;258;262;275;281;290;299;304;321;337;354;363;372;379;389;400;411;417;421;433;459;467;472;489;495;501;514;528;538;562;588;594;600;620;635;645;659;670;704;718;725;729;743;758
14;17;20;25;30;38;40;50;79;84;91;101;106;138;141;148;154;169;172;188;197;203;209;215;220;222;234;245;254;260;273;279;312;324;341;348;366;382;419;429;431;436;440;454;468;491;502;508;520;535;553;559;577;585;593;609;616;626;633;657;663;669;680;690;716;723;735;741;748;757;762;766
68;78;90;100;113;127;133;137;160;168;176;185;191;202;208;212;219;229;233;244;253;270;276;291;296;338;345;355;364;390;401;412;418;424;438;452;458;471;478;507;525;534;543;552
97;104;109;116;126;131;139;144;157;167;189;194;210;218;221;228;231;236;241;250;265;267;277;282;286;300;305;310;322;339;346;380;406;425;450
80;86;92;96;103;120;129;143;150;156;165;186;199;205;213;217;230;240;246;255;269;285;288;295
