0
1;3
5
7
11
15;20
22;24;28;32;34;37;41;46;48;52;66;69;75;87;95;97;99;102;108;111;113;118;121;124;130;132;137;140;149;151;159;162;176;179;182;193;198;201;208;213;216;220;225;229;238;241;245;256;266;269;273;276;280;285;292;297;305;309;313;324;327;329;338;342;348;363;371;374;385;454;463;479;486;493;497;509;512;520;527;531;545;550;557;569;610;629;676;677
681
688;702;716
695;714;731
740
694;699;704;712
2
1026;1030;1037;1042;1049;1065;1073;1089
1032;1036;1041;1057;1064;1082
1035;1040
1048;1056;1080;1088;1101
1063;1079
345;350;354;357;361;365
387;397;406;416;427;451;458
415;426;450;457;468;476;490
356;360;372;377;380
396;405;425;436;444;449;456;475;481
424;434
448;455
465
366
369;379
383;394;402;412;421;433;439;446;462;484
373;382;392
368
381;389;399
388;398;407
518
522;525;535;565;583;597
524;547;562
575;580;596;605;613
622
533;536;541;546;554
593;612
631;641
553;572;592;603;611;619
544;549
556;568;578;589;628;639
588;601;637;645;653;662
548;577;586
625;644
566;584;624
860
864;879;888;895
949
962
903;914
872;893;901;911;923;960
865;873;881;890
897;905;918;938
917;928;937;952
880;904;915
950
970;981;993
930;956;976;998
942
955;967;987;997;1005;1010;1019;1021
966
975;986;996;1003
1008;1013;1017
1001
1011;1022
1025;1029;1044;1052;1068;1093;1100;1104;1111
1028;1034;1038;1043;1051;1061;1067;1086;1099
1103
1110
1024;1050;1059;1084;1106;1113
649;663;668;672;675;679;685;703;722;728;738;746;751;765;771;775;782;795;802;816;823;832;837;850;870;886;892;931;944;958;968;978;991
574;594;604;647;691;709;720;737;745;754;768;774;780;786;821;827;839;849;854;868;957;977;989;1006;1015
620;632;657;667;671;690;719;727;736;744;750;753;759;767;770;779;785;800;807;811;820;835;848;875;884
579;595;633;642;648;658;684;692;698;710;721;781;787;794;801;808;815;822;831;836;840;855;859;862;869;876;885;891;907;920;974;985;994;1000
417;428;452;459;469;477;482;491;494;499;505;514;528;539;551;558;590;602;617;630;640;646;655;673;678;682;696;718;725;734;742;748;763;769;778;792;798;819;826;830;843;847;857;874;883;906;919;941;954;973;984
393;410;419;430;438;461;471;478;483;492;495;500;503;511;515;517;521;523;529;532;552;559;570;591;618;656;666;670;674;683;689;697;708;726;735;743;749;764;793;799;806;810;814;844;853;858
758;762;784;791;797;813;829;842;846;867;899;909;990;999;1016;1020
757;766;773;777;790;805;818;825;828;834;852;856
8;10;12;13;14;35;43;50;58;60;70;77;79;81;89;92;100;104;106;109;115;119;129;133;141;144;148;150;155;165;173;175;183;184;188;192;197;200;203;207;210;212;215;219;224;228;232;235;237;244;250;252;255;262;264;272;275;294;296;299;301;308;317;321;323;326;332;339;343;349;359;375;403;414;422;441;453;485;496;501;506;508;516;519;526
27;31;33;36;40;45;47;51;54;57;61;63;65;72;74;85;90;94;107;112;117;123;127;131;135;143;145;153;157;169;172;174;185;190;195;206;211;214;218;222;230;233;239;253;257;260;263;271;274;278;283;287;288;290;293;304;311;312;320;322;325;330;335;340;344;353;364;367;376;386;404;423;442;464;472;487;498;504;507;510;513
4;6;9;16;17;19;21;25;29;38;42;49;53;55;59;62;64;67;73;76;78;83;86;88;91;103;105;114;122;125;128;139;147;154;158;161;164;166;168;170;178;181;186;196;199;205;223;227;231;234;240;243;247;249;254;258;261;268;279;281;291;298;302;306;315;331;336;346;351;355;358
18;23;26;30;39;44;56;68;71;80;82;84;93;96;98;101;110;116;120;126;134;136;138;142;146;152;156;160;163;167;171;177;180;187;189;191;194;202;204;209;217;221;226;236;242;246;248;251;259;265;267;270;277;282;284;286;289;295;300;303;307;310;314;316;318;319;328;333
