0;1;2;3;4
5;6;9;13;17;25;28;36;43
55;60;78;85;90;94;108;117;121;126;138;145;150;154;159;164;173;180;185;188;192;204;209;214;226;231;234;239;244;254;260;263;266;273;281;290;296;305;309;312;319;325;332;339;344;349;351;363;382;388;395;416;423;444;454;490;497;508;531;532;545;553;566;575;583;592;601;613;631;647;664;704;711;719;742;752;760;767;779
7
11;15;16
24;32;38;45;50;57;63;67;72;81;102;105;110;114;124;128;133;134;141;143;147;152;161;167;170;175;183;190;194;199;215;220;241;245;248;262;265;268;279;304;308;314;318;324;331;338;343;348;354;365;373;385;391;398;404;407;429;435;450;456;463;466;467;476;488;495
515;523
10;14
18;23;31;35;37;42;44;49;53;62;66;71;75;80;92;101;104;109;113;123;127;132;140;146;156;169;174;177;187;191;203;208;213;222;225;230;233;243;259;269;272;285;289;303;310;311;316;321;327;334;346;352
356
380;394
400;413;420;430;459;481;504;513;521;543;572;581;644;654;662;666;673;683;700;708;715;727;739;749;831;843;853;867;886;923;950;951;971;1006
409;419;438;453;458;465;470;499;527;542;564;580;597;611;619;653;661;682;694;726;738;748;775;785;852;865;866
876;888;897;916
887
799
807
816;823;836;848;859
251
264;267;275
559
939;956;991;1022;1054;1071
955;974
990
908;930;941;960;980;1011
977
993;1010;1024
1072
1023
997;1013
1028;1076;1122;1136
1046;1058;1105;1120;1134;1152
1012
1027
1057;1104
1074
1045;1056;1117
713;723;736
756
795
827
794
722;734;746;763;783
801;810;817
818
828;842;874;883;893
841;864;873;892;911;920
945;984;1001;1033
964;983;1032
851;863;872;882;903;910;944;963
982;1000;1031
1048;1061;1078;1090;1108
1060;1077
999;1047
840;850;862;881;902;909;932;943;962;1029;1059;1089;1107
894;914;937;948;969;986;1003
1016;1052;1066;1112;1126
1097;1111;1138;1153
913;936;947;968
935;985;1002;1015
1037;1081;1095;1109
1063;1080;1094
885;915;922;1005;1040;1068
1115;1142;1148;1165
1128;1141
895;921;949
987;1004
1017;1085;1114;1140;1147;1155;1174;1180
1039;1084
1100
1173;1179;1185
1038;1083;1099;1113
1161;1168
1167;1183
1129;1150;1159;1166;1178
1158
255;261;270;276;283;287;291;294;298;329;336;357;362;378;402;412;422;427;432;449;462;471;477;484;496;500;507;517;537;546;568;576;585;593;603;615;648;657;672;680;691;697;706;712;721;745;762;770;781;791;806;815;861;880;900
286;297;307;322;328;335;340;350;367;371;377;411;415;426;431;440;448;461;483;489;530;554;567;584;602;614;624;639;665;671;679;690;705;720;733;744;754;761;769;780;790;798;814;829;884
535;544;551;573;582;591;612;646;669;688;703;718;741;778;788;805;846;857;877;899;918;926;954;972;989;1087;1143;1162;1170;1184
506;516;529;552;560;574;600;623;630;638;656;670;678;689;731;766;789;797;821;834;858;870;878;890;917;925;953;1020;1069;1086;1101;1130;1151
366;370;381;401;410;414;421;439;460;482;494;505;514;522;534;596;609;635;642;667;686;701;709;728;740;776;832;844;854;875;896;904;924;938;952;970;988;1018;1041
599;621;645;655;676;687;695;702;716;729;750;759;777;786;804;820;855;868;889;907
565;590;622;629;637;663;668;677;696;710;717;730;751;787;796;833;845;856;869;898;927
8;12;20;22;29;33;40;48;52;58;77;83;87;97;103;107;116;119;136;149;153;163;166;171;182;197;202;218;229;238;247;250;253;258;271;277;280;288;292;299;301;323;330;341;347;355;360;369;392;405;408;417;436;442;447;451;468;487;498;502;511;519;524;548;556;562;588;608;650;659;693;698;707;714;724;757;765;774;819;830
19;21;27;39;46;51;54;64;68;73;76;82;86;88;96;106;111;115;118;125;129;142;144;148;157;162;168;178;181;193;195;200;206;211;216;223;232;236;242;252;256;278;284;293;295;300;302;313;317;337;342;358;368;372;374;383;389;396;424;428;433;441;445;455;472;478;485;491;509;538;547;561;607;618;627;634;681;725;737;747;758;764;773;813
361;376;379;386;437;452;464;474;493;525;533;540;549;557;563;570;579;610;636;643;652;660;675;685;699;792
387;393;399;418;425;443;457;469;475;480;503;512;520;526;541;550;558;571;589;598;620;628;641;651;674;684
59;69;74;84;89;93;98;99;112;120;130;135;137;158;172;176;179;184;186;196;201;212;217;221;224;228;237;246;249;257;274;282;306;315;320;326;333;345;353;359;364;375;384;390;397;403;406;434;446;473;479;486;492;501;510;518;539;555;595;633
26;30;34;41;47;56;61;65;70;79;91;95;100;122;131;139;151;155;160;165;189;198;205;207;210;219;227;235;240
