0
1;3;5;7;9;10;11;13
26;30
29;36
42;56
2;4;6;8
12
15
21
25;41
34;48
20;24;33;39
38
316;325;330;335;353
374
384;394;404
320;324;329;334;340;343;352;356;362;373;383
393;403;414;422
402;413
572
577;591
596;611
576;583
590;606
605;610;616
565;569;571
575;582;604
581;589;602;614;619;627
570;580;587;600;609;612;634
707;716;721;737;775;779
794;804;813;853
798;812;824;832
715;728;733;736;751;778;785;796;802;822;831;867;877
863
884;903;918;928;938;950
958;979;989;1028;1041
968;988;1007
909;927;967;978;987;998
926;937;949;966
872;883;902;908;917
957
996;1004;1025;1063
1003;1014;1037;1048;1054;1062
899
904;912
931;945;955;961
1010;1019;1030
944;960
911
942;971;992
952
910;920;941;970
919;939;951
1001
1045;1051;1080;1084;1106;1113
1060
1072
1079;1101
1012;1022;1066;1078
1148;1156;1164;1168;1175;1180;1186;1198
1151;1155
1178;1191
1213;1220
1231
1195;1201;1207;1212;1218;1237;1244
1200;1211
1216;1228;1235
1234;1249
1233
1240;1248;1254;1267;1276;1282;1286;1291;1295
1247;1253;1256;1259
1274;1281;1293
1289;1297;1298
1239;1258
1262;1265;1271;1277
1287;1296
991;999;1009;1018;1042;1049;1057;1087;1097;1105;1109;1111;1116;1121;1136;1147;1153;1162;1167;1174;1177;1184;1189
948;976;986;997;1006;1017;1040;1056;1064;1069;1075;1086;1092;1096;1099;1120;1128;1135;1139;1142;1146;1152;1161;1173;1196;1208
1024;1036;1053;1098;1108;1115;1124;1127;1133;1138;1145;1150;1158;1160;1172;1183;1187
620;628;636;645;649;666;672;677;682;688;691;697;701;713;727;735;750;756;762;773;777;784;793;811;829;840;850;859;865;875;886;901;915;923;934;947;963;975;984;1002;1033;1046;1061;1067;1081;1085;1104;1107;1114;1119;1126;1131;1141;1144;1149;1157;1166;1171
588;593;601;626;635;643;654;665;670;680;696;699;705;711;725;731;741;744;760;766;772;791;809;819;828;838;848;857;866;888;907;916;925;935;965;1035;1047;1074;1091;1103;1118;1123;1130;1132;1134
597;629;637;650;656;662;667;673;683;692;698;706;714;719;732;746;768;774;821;830;841;851;893
425;428;432;440;444;451;458;464;467;471;475;482;486;501;504;507;515;519;524;533;538;541;544;554;563;567;574;623;632;639;646;660;669;675;679;686;702
46;51;62;69;74;84;110;113;116;121;126;134;138;143;150;159;165;166;172;180;184;187;192;197;204;217;220;224;227;235;239;243;249;252;257;261;264;268;270;273;280;286;291;297;300;310;315;323;328;339;347;351;361;367;382;391;431;436;448;457;466;470;481;489;492;498;512;514;518;527;540;543;549;553;557;562;566;585;592;608;631;641;653;659;674;678;684;693;703;708;739;770;776;807;818;837;846;864;873;894;900;905;913;921;932;946;974;994
14;16;23;32;50;58;61;68;73;78;85;89;98;109;112;129;133;149;154;156;164;171;179;183;186;200;208;223;226;232;238;248;255;267;279;285;290;296;302;306;317;332;337;350;359;364;369;371;381;388;398;411;418;423;426;434;445;465;472;480;484;487;495;500;503;509;516;521;530;536;556;561;578;598;617;621;651;657;663;668;689;694;704;710;722;748;753;765;789;817;836
55;60;66;77;80;87;97;101;107;111;119;123;125;141;146;152;157;163;169;174;189;191;195;203;206;212;214;216;221;230;234;237;242;244;247;250;258;269;274;277;282;287;292;301;309;314;319;322;333;338;346;355;360;366;370;372;390;400;405;420;435;443;447;452;454;456;461;478;488;491;497;523;532;537;542;548;552;560
28;35;49;54;64;65;76;82;86;91;94;100;106;122;127;131;136;144;147;155;160;162;168;173;176;194;202;209;211;219;225;229;233;236;241;251;254;260;263;266;272;278;284;289;293;295;299;305;308;313;318;342;345;365;377;389;399;412;419;424;427;430;439;442;446;450;463;469;473;477;485;496;506;510;517;522;526;531;539;547;559
18;22;57;67;72;81;83;88;92;95;102;104;105;108;115;117;120;124;128;132;137;139;142;148;153;158;170;177;178;182;185;193;196;199;207;215;222;231;245;253;259;265;275;283;288;298;304;311
