0
1;3;5
6
8
16;24
11;15
10;13;18;23;28
31;41;43
206;212;216;218;228;234;244;248;254;260
211;215;217;227;233;237;241;243;267;272;283;288;293;306;312;323;333;339;352;360;364;376;380;385;391;401;417;421;431;451;465;470;490;495;502;506;521;531;539;546;557;561;574;580;591;604;619;627;633;646;686;699;711;733;735;743;750;765;772;781;782;791;812;831
837
842;845;849
854;867;876;892
859
844;865;882
365;371;378;382
392;413;443;455;462;467;478;483;497;504;514;542;551;562;572;576;594;606;615;621;642;649;687;693;713;718;739;745;752;766;799;821;825;833;838;846;860;900;907;929;937;947;956;962;970;992;1022;1028;1039;1040;1075
396;412;423;432;442;454;472;477;482;491;496;503;507;513;526;541;547;575;582;593;614;620;641;648;657;676;701;707;719;724;729;746;753;784;793;800;814;822;834;839;843;847;851;855;861;885;901;921;930;942;957;963;964
971;979;995;1009
978
985
994;1002
993
583;596;608
617;637;653;660
666;670;681;688;696
623;636;643;652;665;680
595;607;616;622;628;635;650;658;663;669;694
30;34;46;52;66;72
763;770;819;824;828;836
778;798;823;827
747;767;776;796;802
754;774;794;815;826;835
852
862;871;880;889
911;916;933
870
879;888;903
895;910;914;923;931
868;877;886;893
881;891;896;918;940;952;960
983;989;1005;1019
988
890;904;917;924;943;950;966;980
1016;1030
1046;1066
1073
1082;1090;1097;1105
1089;1096;1112
1104;1111;1128
1081;1088;1103;1110
1058;1064;1078;1086;1092;1101;1116;1124;1131
1063;1072;1108;1123;1130
1135;1140;1149;1156
1172
1139;1142
1145;1155;1165;1170;1180
1152;1169
1179;1187;1198
1194
1153;1158;1162;1175;1185;1197
1157
1167;1174;1184;1196
1173;1183;1192
370;387;395;403;407;411;418;422;436;441;453;461;466;488;532;540;564;581;586;592;605;613;634;647;656;662;675;692;700;712;717;723;728;736;744;751;759;773;783;792;807;813;832;850
841;848;873;897;912;919;925;945;969;974;990;999;1006;1025;1037;1042;1047;1060;1067;1074;1100;1113;1120;1144;1147;1151;1159;1164;1178
906;928;977;1038;1052;1056;1061;1068;1083;1091;1098;1114;1121;1141;1143;1146;1150
913;927;936;955;976;984;1001;1008;1021;1027;1044;1051;1069;1084;1099;1107;1119;1129;1132
268;273;284;295;307;313;317;324;344;349;353;369;377;381;386;394;402;410;435;440;447;452;460;471;476;512;520;525;545;550;556;560
12;19;25;35;38;53;61;67;75;80;82;94;99;103;113;121;126;135;138;141;166;170;174;176;180;188;201;205;225;236;246;258;265;270;275;287;292;297;302;305;310;316;321;331;336;346;356;358;362;384;390;409;416;420;430;459;469;487;494;505;519;530;536;544;568;571;573;579;590;599;603;612;632;640;674;685;691;698;706;722;742;758;764;790;806;830;853;857;863;872;935;953;973;1013;1024;1033;1036
85;90;93;107;110;112;120;124;130;133;140;143;146;149;158;163;173;179;183;186;195;213;235;239;264;279;281;296;301;309;315;327;330;337;342;347;359;363;375;383;400;406;408;426;437;448;456;463;473;479;484;489;492;498;508;515;522;533;537;548;552;563;569;587;600;624;629;638;671;682;697;703;725;731;734;738;757;771;780;805;811;820;829;840
48;69;73;77;81;88;96;100;104;111;114;117;123;127;139;144;152;155;162;168;171;175;181;184;193;198;204;210;219;223;230;245;250;256;262;277;280;290;299;303;308;319;326;338;343;348;366;372;379;397;404;424;427;439;446;450;458;468;475;481;486;501;511;518;529;535;555;559;567;570;589;598;611;618;626;639;645;667;673;684;705;710;721;727;737
74;79;86;98;102;108;115;125;134;150;154;161;165;187;191;196;200;207;220;224;231;251;257;263;269;274;278;286;291;300;304;320;335;351;355;361;368;374;389;393;399;415;429;434;445;449;474;500;510;517;524;528;554;558;566;578;585;602;610;625;631;644;655;661;690;716;748;755;761;787;817
2;4;7;21;26;54;59;63;68;76;83;87;91;95;109;116;122;131;136;147;151;159;164;167;177;189;192;197;202;208;222;229;238;249;255;261;285;289;294;298;314;318;325;329;334;341;350;357;367;373;388;398;405;414;419;425;428;433;438;444;457;464;480;485;493;499;509;516;523;527;534;538;543;549;553;565;577;584;588;597;601;609;630;654;672;683;689;704;709;715;720;726;732;740
49;55;60;64;70;78;84;97;101;105;118;128;137;142;145;156;160;172;182;190;199;203;209;214;221;226;232;240;242;252;259;266;271;276;282;311;322;328;332;340;345;354
33;37;42;45;51;57;65;71;89;92;106;119;129;132;148;153;157;169;178;185;194
