0;1
2;3;6;9;12;15;19;21
26;27;35;37;40;45;52;55;58;63;66;69;75;78;89;93;102;105;107;113;122;125;128;130;132;138;140;155;159;166;168;170;171;177;180;184;188;190;191;193;195
198
201;203;206;211;217;221
232
205
213
224;229
228
4
7;13
550;558;565
574
17;20;24;29;32;36;39;42
365;379;392;398
404
419;449;471;483;497
427;441;448
411
445;495
470;482;494;506;514
375;384;391;403;410
426
438;444;458;469
227;240;249
498;532;542;552;567;580;619;634;656;686
515;525
551;561;579;593;618;633;685
560;577;591
605;616
630
524;541;559;576;590;604;615
428
442;475;487
511
534
544
450;461;474;486;509;517
460;473;485;508;533
236;245;248
555;563;569;597;623;639;661
568;583
596;609;622;638
621
582;595;636;659
608;635;658;672;687
570;599;627;648;666;679
690;715
714;728
584;598;611;626
642;647;665;678
677;726;736;746
708;721;742;751
720;733;750;756;761;766
757
773
779;783
762;767;772
813;819
818
807
811
810;821
553;581;594;657;671;722;744;754;759;770;776;796;797;799;801;803
420;463;476;501;545;554;562;607;620;646;723;734;745;760;764;777;788;792;798;800;802;808
266;279;288;296;308;313;317;328;333;337;357;363;370;373;382;390;400;406;414;423;431;466;480;571;600;612;629;697;709;752
255;262;268;274;280;291;300;304;325;340;343;347;359;366;407;415;424;432;443;453;478;490;530;536;614;652;696
253;259;265;272;278;298;312;316;321;332;351;356;394;434;455;479;503;513;528;547;572;586;601;613;704;716;738
44;48;50;61;68;73;76;83;94;95;99;101;104;116;120;124;127;139;143;146;154;158;162;164;167;169;172;174;176;179;183;186;189;196;199;204;212;218;222;233;241;250;254;261;290;299;314;323;335;338;342;353;376;385;393;421;429;464;477;489;519;535;556;585;628;650;680;730
230;234;238;244;275;282;293;302;305;311;315;319;367;371;380;387;413;422;430;452;512;522;529;548
200;208;214;219;225;235;247;256;264;276;287;294;326;330;354;361;368;372;381;388;402;417;436;502;520;537
258;271;277;284;307;320;327;345;350;355;378;399;405;412;451;467;491;521;546
260;267;285;289;297;309;318;322;334;346;364;374;383;396;416;435;456;472;484
209;220;226;231;252;257;270;283;295;303;306;331;336;344;349;362;369;377;389;395
23;28;31;33;38;41;46;56;59;64;70;79;81;85;87;90;91;97;100;106;108;111;114;123;129;133;135;141;147;149;153;156;160;165;173;175;178;181;182;185;187;192;194;197;207;223;237;242;273;324;329;339;352;358
5;8;10;14;16;18;22;25;30;34;43;51;54;62;65;74;77;84;88;92;96;98;110;118;121;131;145;152
47;49;53;57;60;67;71;72;80;82;86;103;109;112;115;117;119;126;134;136;137;142;148;151
