0;1;2;3;4;5
6;8
7
9;12
30;34;39;62;70;77;80;91;96;101;106;110;114;119;124;132;138;146;151;156;161;181;185;192;204;209;215;217;222;226;243;249;251;262;264;303;309;325;333;343;357;364;367;370;374;382;394;402;405;408;413;421;426;429;433;437;440;447;449;454;460;463;484;488;509;550;561;572;611;624;629;639;645;656;660;669;674;675
682
686;710
725;756
776
742;755
695;700;709;741
258;270;284;291;300
266;282
275;281;288;298
486
490;504;530;586
594;606
605;614
494;498
520;528;545;564;576;584;603;613
527;544;575;583;592;619
503;519;543;574
511;518;542;601
487;496
501
508;548
515
536;558;568;580;599;609
507;514;523;534
491
495;500;506;513;522;533
499;505
512;532;555;567;621;628
521;531;546;554;566;578;587;595;607
661;666;679;685;691;707;763;790
665
671;678;684;690
698;706;722;751
705;715;721;730;750
772;788;806;810;819;827;836;841
714
729;738;747;759;770
677;697;704;713;728
737;769;779
796;804
785;795;803;817
1035;1058;1062;1066;1071;1090;1096;1105
1116;1125;1142
1135;1141;1150
1140
1149;1175
1061;1065;1086;1095;1103;1113;1133;1147;1157;1186;1202
990;997;1004;1023;1029;1031
1039;1051
1043
996;1003;1037
1091;1098;1122;1129;1153;1180;1191
1121;1127
1126;1137;1151;1162;1171;1189;1195
1256;1267
1261;1266;1273
1213;1217;1227
1280
1222
1226;1232;1239;1246;1252
1258;1270
1269;1274
1238;1245;1257
1268
786;797;825;835;840;851;857;862;867;875;887;897;904;921;929;933;946;961;965;973;979;987;994;1001;1011;1018;1025;1048;1070;1076;1084;1101;1156;1194;1201;1208;1220;1236;1248;1260;1264
834;846;850;882;893;909;911;928;939;945;960;969;972;978;986;1000;1010;1017;1040;1047;1056;1060;1083;1088;1093;1111;1119;1132;1139;1167;1185;1200;1207;1214
720;748;760;809;818;826;847;852;863;870;876;922;934;940;947;956;974;980;988;995;1002;1012;1019;1034;1049;1057;1064;1077;1085;1089;1094;1112;1144;1164;1182
579;588;597;608;616;622;636;640;647;653;663;683;688;702;711;719;726;735;745;767;816;823;845;861;880;892;903;907;919;927;954;967;992;1008;1015;1033;1055;1068;1073;1087
524;537;547;559;569;581;632;650;662;664;676;689;703;712;727;736;746;758;768;778;784;794;802;824;833;839;849;856;881;886;908;915;920;938;955;968;977;993;1009;1016;1026
316;328;336;340;342;347;356;360;363;369;373;379;384;391;393;397;401;404;410;417;420;424;431;445;450;458;464;466;471;473;476;478;489;517;541;552;625;630;637;642;649;651;657
694;699;708;717;765;774;780;792;800;829;843;858;865;868;873;884;900;913;923;936;943;950;963;966;976;985;998;1006;1014;1045;1053;1059;1069;1074;1081;1099;1109;1123;1130;1145;1166;1184
782;793;815;822;831;844;855;859;869;879;890;895;902;918;925;952;959;970;984;1005;1032;1044;1052;1075;1082;1092;1100;1110;1131;1146;1155;1165;1174;1193;1199;1212;1216;1221;1231;1237;1251
814;821;830;878;885;889;894;901;924;931;937;951;983
10;11;14;17;19;28;29;33;42;47;51;54;60;69;75;84;105;108;122;134;140;145;154;160;165;167;171;176;189;193;196;202;205;211;219;223;229;242;248;252;256;259;263;265;273;305;327;334;339;341;344;346;350;354;358;365;372;375;377;381;385;389;398;407;411;432;436;439;442;448;453;457;462;465;470;492;497;502;516;525;539;549;571;591;610;618;633;638;648;654;658;667;672;680;692;716;723;731;752;764;791;799;808;813;828;837;842;848;853;864;871;877;883;898;905;912;916;930;941;948;957;962;975;982;1021;1030;1041;1063;1067;1072
22;26;31;44;49;52;57;64;68;74;79;83;87;93;103;112;120;126;135;143;148;153;157;163;170;178;182;190;198;213;216;220;225;228;233;237;239;247;253;260;269;274;280;287;297;306;335;351;355;359;368;378;383;386;390;395;399;412;414;418;425;427;430;434;441;443;455;469;477;480;483;485;493;510;526;540;551;562;573;600;612;634;641;644;655;659;668;673;681;693;724;732;740;753;773;812;820;854;872;888;899;917;935;942;949;958;981;989;1013;1020
20;23;32;36;46;58;65;82;88;98;104;107;129;133;136;144;149;158;164;166;174;179;183;187;201;210;218;227;236;241;246;255;261;271;279;295;302;314;332;338;345;348;352;361;366;380;388;392;400;403;406;416;419;423;428;435;444;446;452;468;472;475;482
15;18;25;35;40;43;48;56;63;71;73;78;81;86;92;97;102;111;116;125;128;142;147;152;162;169;173;177;186;195;200;206;214;230;240;250;268;272;286;296;304;310;315;319;326;349;353;362;371;376;387;396;409;415;422;438;451;456;459;461;467;474;479;481
13;16;21;24;27;37;45;50;53;59;66;72;89;94;99;113;117;121;130;137;139;150;159;175;188;191;194;199;203;208;221;232;235;245;254
38;41;55;61;67;76;85;90;95;100;109;115;118;123;127;131;141;155;168;172;180;184;197;207;212;224;231;234;238;244;257
