0;1
2;3;6
9;12;15;19;21
26;27;35;37;40;45;52;55;58;63;66;69;75;78;89;93;102;105;107;113;122;125;128;130;132;138;140;155;159;166;168;170;171;177;180;184;188;190;191;193;195
198
201;203;206;211;217;222
234
209
205
213
225;230
11
543;556;568
470;498;514
480
505;513
521
527;533;555
512;541;554;567
354;366;377;383;394
419;426
425
472
449;460;471;481;489
362;370
376;387;393;407
382;392;406;417;447
475;506;516;524;536;548;582;595;616;643
490;500;530;545;558
570;592
591
605;614;641
499;515;529;544;557;569;578
613;627
402;443;455
409
422;454;465
486
430;441;453;464;477;485
440;452;476;482
238;246;249
525;532;538;563;585;600;620
537;550
562;573;584;599
583
549;561;597;618
572;596;617;630;644
539;565;589
604;609;683
608;625;636
647;671
670;682
551;564
575;588
587;602;623;633;646;658;667;687
611;652;662;675;693;700
626;639;651;674;691;696
638;649;695
660;672;690
653;664;677;694;699;702;706
663
229;256;263;268;274;279;289;297;301;319;331;334;338;349;355;390;397;405;412;423;433;457;468;504;510;577;612
254;260;266;272;278;295;308;311;315;325;342;347;379;414;435;458;479;488;502;519;540;553;566;576
4;7;13;17;20;24;29;32;36;39;42;44;48;50;61;68;73;76;83;94;95;99;101;104;116;120;124;127;139;143;146;154;158;162;164;167;169;172;174;176;179;183;186;189;196;199;204;212;218;223;235;242;251;255;262;288;296;309;317;327;329;333;344;363;371;378;403;410;444;456;467;494;509;526;552;590;610;637
231;236;240;245;275;281;291;299;302;307;310;313;356;359;367;373;396;404;411;432;487;497;503;520
200;208;214;219;226;237;248;257;265;276;286;292;320;323;345;351;357;360;368;374;386;399;416;478;495;511;522;528
259;271;277;283;304;314;321;336;341;346;365;384;389;395;431;446;469;496;518
244;247;252;264;269;280;285;290;298;306;332;339;350;372;385;391;413;434;445
228;241;250;261;267;284;287;294;305;312;316;326;337;353;361;369;381;398;415;436;451;462
221;227;233;253;258;270;282;293;300;303;324;328;335;340;352;358;364;375;380
23;28;31;33;38;41;46;56;59;64;70;79;81;85;87;90;91;97;100;106;108;111;114;123;129;133;135;141;147;149;153;156;160;165;173;175;178;181;182;185;187;192;194;197;207;224;239;243;273;318;322;330;343;348
