0;1;2;3;4
5;10
12
16;22;25
30;36
35;50
19;24;29;34;41
15;28;33;40;45;49
6
7;8
11;18;21;27;39;43;44;48
14;23;32
17;20
31;37;42;46;51;53
214;223;229;247;249;254;258;264;268;270;275;286;294;300;304;318;324;327;348;389;418;426;435;468;485;490;494;495
507;518;524;529;533
515
532;547
539;546;554;562;567;581;588;592;609;612;618;625;634;641;651;659;672;692;708;734;772;783;784;794;823
296;303;315
321;332
326;331;378;386;391;399;412;452;474;478;481;519;530;534;540;548;557;568;573;576;585;593;604;610;619;626;673;685;693;709;723;746;747;807
330;343;352
302
305;309;320;329
319;336;342;350;359
393;404
414;430;456;460;464
403
408;413;438;446
419;437;445;453
598;607;623
621;644;652
636;643
656
663
677;689;698;703;728;751;785
682;697;702
720;727;740;750
775
670
676;681;688;719;739
680;687;696;710;725;738;748
662;669;679;686;695;724;737;758;766
731
744;780;818;832;839
754;763;778;799;817;825
762
777;787;824;831;837;844;848
786;809;815;836;847;849
705;716;732;756
764;781;804;822;828;835;843;846
771;791;803;827;842
715;745;755
770;811;821
790;801;820;833;841;845
810;819;826;840
428;440;459;469;476;483;486;491;501;508;516;525;535;541;549;551;555;558;563;569;582;586;589;594;600;605;620;627;635;642
209;219;225;230;232;240;259;269;271;276;282;295;301;325;328;357;383;397;411;467;473;477;500;506;510;514;522;538;545;566;572;580;597;608;617;633;640;650;658;664;684;690;704;714
52;57;64;75;82;94;97;101;110;121;127;131;141;150;151;156;159;168;173;179;189;192;197;201;206;211;216;236;241;250;255;261;266;272;279;297;311;316;333;341;354;368;376;380;395;409;417;423;442;450;462;472;489;492;498;504;509;521;528;543;560;565;579;583;596;599;601;616;624;649;671;700
62;68;72;74;79;88;96;98;117;124;134;139;162;171;191;198;222;224;227;238;245;256;267;273;284;288;293;298;307;312;317;323;334;356;370;377;382;425;434;451;466;471;488;497;503;512;520;527;553;559;570;574;578;591
59;65;73;76;83;90;102;107;111;115;119;122;132;136;145;152;157;161;165;169;174;177;181;186;190;194;196;202;212;221;231;234;237;242;244;248;251;280;289;313;347;355;362;369;381;396;410;424;433;443;470;480;487;496;502;526;531;536;542;550;552;564;577;587;590;595;606;613;628
56;60;70;81;100;105;114;126;130;140;144;148;155;164;176;184;193;199;204;208;213;218;228;253;257;263;274;281;285;290;299;361;367;388
38;47;54;63;69;80;86;89;93;99;104;109;113;118;120;125;135;143;147;163;172;183;188;203;207;217;235;239;246;252;262;278;283;287;292
55;58;61;66;77;84;91;95;103;108;116;123;128;137;146;153;166;170;180;185;205
