0
2;4;5;6;9;13;15;19;21;22;25;29;31;33;35;38;40;42;43;45;48;49;50;54;57;58;60;64;67;71;72;73;75;77;79;81;83;85;87;91;94;96;97;98;99;101;102;104;105;106
109;111
112;115;118
114
117;121;124;135;141;153;160;180;193;204;211;220;229;239;246;252;258;274;278;301;308;315;331;344;351;365;373;386;398;446;463;494;501;513;519;520
525;531
537;543;551
120;123;127
482
491
130;136;143;146
330;337;350;357;377;383;392;403;417;437
336
342;356;375;390
349;374;381;389;401;412;427
362;394
378
384;404;419
418;455;475
506;511;516;523;530;541;557;562
510;518;529
548;560;570
556
515
527;533;539;546;554;559
538;544;553
568;571
582;613
618;626
595;604;612
575;580
584
590;616;624;628
599
610;623
589
579;588;597
621
583;607;615;631
633
635
643;649
648
637;642;647
634
636;640
370;393;405;421;441;469;476;486;514;526;532;552;573
125;132;137;156;159;171;176;181;187;191;200;218;225;236;243;256;260;267;272;276;280;296;317;332;345;352;359;366;387;408;447;472;480;488;500;507;508;521;524;536;558;564;569;576;585;591;600;625;629
148;165;168;179;203;209;216;219;222;227;237;251;262;281;284;292;298;305;322;327;364;372;397;407;445;462;471;487;499;512;517;535;549;563
142;161;174;189;195;199;206;213;234;241;257;263;269;277;286;299;307;312;325;335;348;367;409;424;435;444;461;504
129;140;145;149;152;157;169;173;184;198;210;223;228;238;266;275;283;295;310;318;323;333;341;355;360;388;399;423;449;465;473
155;163;166;170;175;190;208;214;221;224;235;242;249;255;259;271;291;311;319;329;354;371;380;395;434;443;460
110;134;139;144;151;164;178;183;192;197;202;232;247;253;264;270;287;290;294;302;313;324;334;339;346;353
158;162;186;196;207;217;231;248;254;265;279;282;288;303;309;314;320;326
