0
1
2
4
6;10
9;22;25;28;35;39;42;44;51;59;65;69;71;75;85;87;89;95;103;105;109;112;120;123;128;130;134;142;143;146;151;158;161;166;180;187;195;198;203;205;212;219;228;241;243;249;254;257;263;272;280;298;312;318;327;334;358;361;374;378;382;387;395;401;408;413;420;426;442;464;476;489;497;518;525;545;572;587;619;638;648;671;691;701;705;714;722;736;741;756;761;766;772;776;780;784;793;799;811;850;887;888
892
904;914;924;931
909;923;930;936
899;908;918;929;939;944
226;232
240;248
242;247;252;256;261;266;269;275
279;295;311;316;322;325;332;342;346;363;367;371;380;384;394;407;417;429;436;441;459;468;474;478;494;506;511;519;529;536;554;564;573;580;589;598;620;630;640;697;708;717;723;726;730;733;742;748;751;757;777;781;785;789;794;805;812;832;844;858;868;880;893;905;915;919;932;951;959;964;970;974;975;979;992;1003
246;251;260;278;284;291
231;235;237;239;255
259
268;274
277
526;530;543;568;591;622;633
651;662;680;688
542;575;608;621
632;650;661
548;557;567;582;590
556;566;581;631;641;660;679;687;693
550;560;577
584;613;626
666;695;699;702;712;719;724;728;731;753;763;769;774;783;787;790;801;807;895;896
901;916
907;913;922;927
920;926;934;937
933
578;617;683;690
596;615;627;646
657;667;675
602;614;656
818;830
841;853;862
822;829
837;843;849;857
867;879;891
873
848;856;866;872
928
938;948;950;954;969;983;990;998;1002;1005;1007;1009
943;953;957
962;973;986
972;978;988;995;1000
942;956;961;966
971;977;981;1004
976;984;994;999;1006
594;612;645;696;703;709;713;720;725;732;734;739;746;754;760;764;770;775;779;791;796;813;825;846;851;859;869;875;897;900;911;941;947;952;955;960;965;980;993
559;576;583;593;600;611;625;635;644;654;665;681;694;698;711;718;727;745;750;759;768;773;786;795;800;806;845;874;889;894;906;917
270;293;296;317;326;330;337;343;347;351;357;368;372;385;391;411;418;430;446;451;455;469;473;475;482;486;495;501;507;517;520;537;540;546;565;574;606;639;658;672;686;692;706;716;738;752;762;778;803;810
315;320;324;329;331;340;355;366;369;377;397;403;406;416;428;440;445;449;454;461;471;481;492;505;509;516;534;541;547;555;588;607;649;659;678;707;715;729;737;744;749;758;767;782;788;797;808;815;833
265;273;276;283;289;300;304;308;319;336;344;354;359;376;393;396;415;427;434;439;448;453;457;460;477;491;499;504;508;515;522;533;535;553
292;310;321;341;345;350;356;360;362;370;379;390;400;435;450;458;462;467;472;485;488;493;500;510;527;531;538
3;5;7;12;15;17;20;23;27;32;36;41;43;49;53;55;57;64;66;73;81;83;93;97;101;106;117;122;124;126;135;140;152;156;162;167;170;173;177;181;184;188;191;196;199;202;206;210;213;215;216;220;229;236;244;250;258;281;287;299;307;313;323;328;335;339;348;365;375;383;388;404;409;414;423;432;437;443;447;456;465;484;498;503;514;524;532;544;552;563;605;629;685;700;704;710;721;735;740;743;747;755;765;771;804;824;831
8;13;16;19;24;34;38;47;50;54;58;68;80;91;94;98;102;108;111;115;119;125;129;132;137;149;154;157;159;164;168;175;182;185;193;197;200;208;211;217;221;223;230;234;245;264;267;282;294;303;314;349;353;389;399;402;405;410;421;424;433;438;444;466;480;483;513;521;528;539;551;562
11;14;26;29;31;40;45;48;52;56;61;63;72;76;78;86;88;92;96;99;113;116;121;133;138;139;141;145;148;150;155;160;165;169;172;176;179;183;186;190;194;201;204;209;225;227;233;238;253;262;271;286;333;338;352;364;373;381;386;392;398;412;419;422;425;431;452;463;470;479;487;490;496;502;512;523
18;21;30;33;37;46;60;62;67;70;74;77;79;82;84;90;100;104;107;110;114;118;127;131;136;144;147;153;163;171;174;178;189;192;207;214;218;222;224
