0;1;2;3
4
5;9
17;25;32
42;45;49
24;29
8;10;12;16;23;28;31;34;41
6;7;11;13
14
20;26;30
155
160;209
247;256;270
164;168;174;188;208;223;255;269;282
197;207;221;245;267;281;289;295;302
169
190;212;239;260;277;299
200;225;237;285
175;183;189;199;210
235;274;284;291;304
248;258;273
145;149;154;162;178
185
193;203;233;243
231;241;262
148;153
165;171
184;214
170;176;191;201
300;309;323;326;336;342;360;364;370
308
322;325;331;341;352;359;369;375
335;347;358;361
430;437;440;448;453;456
433
436;447;469;480
439
443;461;468;474;484
446;460;466;472;487
503;510;515;557
509;514;521;525;538
546;556
544;553
496;502;536;552;567;581
587;588
498
501;508;513;519;530;535;551;560;575;580;583
505;507
512;518;524;529;534;543;550;566;579
517;528
500;506;511;516;523;527;541
177;215;229;286;306;319;324;328;338;379;383;390;395;399;402;404;407;410;411;419;423;427;431;434;441;458;463;471;477;485;493;495;497
232;242;250;263;278;287;307;329;332;344;350;356;367;380;384;385;388;391;394;396;400;408;412;415;424;428
159;167;173;206;220;244;254;266;280;301;316;337;343;354;365;371;376;378;381;386;389;392;397;401;403;405;409;413;416;418;421;425;432;438;445;450;459;464;486;491;494
52;56;66;68;73;78;87;91;93;96;104;108;112;116;120;132;136;139;142;146;150;157;172;179;204;218;252;264;294;310;315
36;39;50;54;58;59;63;65;67;72;76;82;86;90;95;97;100;107;115;119;123;126;128;131;135;151;158;163;166;180;194;205;219;251;279;288
33;38;47;62;64;69;71;75;80;84;89;99;103;110;118;122;125;130;134;138
37;43;46;53;57;61;74;79;88;92;94;98;102;105;106;109;111;114;121;124;141;144;152;156;161
19;40;48;51;55;60;70;77;81;83;85;101;113;117;127;129;133;137;140;143;147
