0;1;3
5
7;11
15;20
22;24;28;32;34;37;41;46;48;52;66;69;75;87;95;97;99;102;108;111;113;118;121;124;130;132;137;140;149;151;159;162;176;179;182;193;198;201;208;213;216;220;225;229;238;241;245;256;266;269;273;276;280;285;292;297;305;309;313;324;327;329;338;342;348;363;371;374;385;453;462;478;485;492;496;508;511;519;526;530;543;548;554;565;607;626;665;666
668
673;686
690;699;705;713
698
679;696;711
719
672;684;704;709
678;683;687;694
345;350;354;357;361;365;414;425;449;456;467;475;489
356;360;372;377;380;396
405
424;435;443;448;455;474;480
442;466;473
434
334;337;341;347;352;362;370;384;395
336;346;351;355;358
366
369;379
383;394;402;419;431
373
382;392
417
390;408;436
368;381;389
517;523
533;537;560;572;578;620
545;559
571;577;593;602;610
532;535;540;544;552;590;609
567
542;547;553
564;574;585;625;636
623;649
546
573;582;622;640
581;596;603;632;647;655
562;580;621
807
810;821;828;834
878
890
848
859;866;877;895
815
820;833;839;847;858
832;838;846;857
876;889
888
811;816;823;830;836;842;853;870;892;908;916
822;841;850;897;906;915
817;825;843;854;872;883;900;909
824;837;863;871;882
864;885;903;913;928;934
873;893;902;911;919;925
931;936;939
617;628;652;660;662;675;701;708;716;723;728;730;734;739;742;748;752;762;767;771;777;789;797;818;826
576;592;630;639;645;653;671;677;682;693;703;750;754;759;763;768;773;779;786;790;792;802;806;809;814;819;827;831;844;855;901;910;917;922
399;416;427;451;458;468;476;481;490;493;498;504;513;527;538;549;555;586;599;614;627;637;642;650;663;667;669;680;700;706;714;721;726;736;741;747;757;760;776;782;785;793;796;804
393;410;418;429;437;460;470;477;482;491;494;499;502;510;514;516;520;522;528;531;550;556;566;587;615;651;659;661;664;670;674;681;691;707;715;722;727;737;758;761;766;770;772;794;800;805
688;695;710;725;729;732;735;745;751;755;764;769;774;780;787;795;808;812;845;856;874;896;905
733;738;743;746;756;765;775;781;784;788;799;803
8;10;12;13;14;35;43;50;58;60;70;77;79;81;89;92;100;104;106;109;115;119;129;133;141;144;148;150;155;165;173;175;183;184;188;192;197;200;203;207;210;212;215;219;224;228;232;235;237;244;250;252;255;262;264;272;275;294;296;299;301;308;317;321;323;326;332;339;343;349;359;375;403;413;421;440;452;484;495;500;505;507;515;518;525
27;31;33;36;40;45;47;51;54;57;61;63;65;72;74;85;90;94;107;112;117;123;127;131;135;143;145;153;157;169;172;174;185;190;195;206;211;214;218;222;230;233;239;253;257;260;263;271;274;278;283;287;288;290;293;304;311;312;320;322;325;330;335;340;344;353;364;367;376;386;404;422;441;463;471;486;497;503;506;509;512
4;6;9;16;17;19;21;25;29;38;42;49;53;55;59;62;64;67;73;76;78;83;86;88;91;103;105;114;122;125;128;139;147;154;158;161;164;166;168;170;178;181;186;196;199;205;223;227;231;234;240;243;247;249;254;258;261;268;279;281;291;298;302;306;315;331
18;23;26;30;39;44;56;68;71;80;82;84;93;96;98;101;110;116;120;126;134;136;138;142;146;152;156;160;163;167;171;177;180;187;189;191;194;202;204;209;217;221;226;236;242;246;248;251;259;265;267;270;277;282;284;286;289;295;300;303;307;310;314;316;318;319;328;333
