0;1;2;3;4;5;6;7;8;9
10
12;15
20;25;26;31;35;39;42;49
30
14;18;23
11;13;17;32;40
62;74;77;79;82;88;92;94;96;104;114;117;119;123;127;130;132;136;138;147;155;158;162;166;169;171;173;179;181;188;192;207;213;218;232;238;245;251;258;268;281;285;304;311;322;327;338;342;350;366;371;384;389;399;403;406;414;425;429;433;438;445;451;461;465;469;499;511;528;545;555;586;592;598;605;627;633;641;655;663;682;688;726;741;755;763;770;776;778;786;800;808;830;843;872;881;897;902;906;917;931;938;948;963;964;972;984;1006
205;209
215;221;231;243;249;262
267;276
223;230;235;274
208
219
222;228;233
254
227;240
259;264;271
444;450;455
460
468;476;491;498;521;536;544
475
479;484;490;507
483;489;506;520;535;542
482
497;505;519;534
504;510;518
517;540;547;552
464;467;474;488;503;516;532;563;565
569;574;577;597;602;609;615;621;640
646
576;580;591;600
613
637
619
636
651;660
643;650;672;691
702;706;712;724;733;754;762;769
705;723
717
722
805
807;822;829;842;853;861
811;815;821;859;879
810;828;850
888
896
813
839;848;858;869;878
857;867
952;960
959;987
916;935;944
920;922
927;934;942;950;966
974;986;992
985;991;1000
933;941
937;971;990;997;1005
994;1004;1007;1017;1020
1003;1011;1019;1022
711;738;760;767;775;792;797;804;819;826;838;886;895;899;910;914;924;930
731;737;744;749;752;766;774;777;785;791;803;806;818;834;866;876;885;894;919;928;947;953;962;988
654;675;681;686;693;700;721;743;747;759;773;784;798;802;825;833;856;865;875;884;908;913;918;926;936;945
659;678;684;692;709;720;751;758;772;782;789;795;801;809;817;824;831;837;845;855;863;874;883;892;901;905;911
275;280;283;290;293;298;302;308;309;314;320;326;329;336;355;359;370;374;377;387;390;395;400;405;409;413;423;428;431;442;449;453;466;472;480;487;494;524;529;538;550;558;564;571;582;588;593;611;648;664;669;689;697;703;708;714;718;727;756;780;794;799
291;294;315;341;348;360;364;378;401;410;417;424;436;473;481;495;514;530;551;560;567;575;584;590;604;606;617;623;630;656;677;707;713;725
214;220;229;234;242;257;261;273;289;297;301;307;313;318;325;328;332;335;358;363;369;382;394;404;408;412;416;427;441;448;458;471;486;501;513;537;549;554;557;561;568;573;585;595;599;607;618;624;631;649;657;666;671;676;695
241;246;255;260;272;279;288;317;334;340;345;347;352;354;357;362;368;381;383;386;393;407;421;426;435;440;447;452;457;462;477;493;523;553;556
55;57;65;75;81;86;89;93;98;102;105;107;111;115;120;124;125;129;133;134;137;139;142;145;148;149;151;152;156;159;164;170;172;174;175;182;185;189;193;195;198;200;203;210;225;239;253;263;270;282;287;292;296;300;306;324;331;339;344;351;353;361;367;373;397;420
16;21;27;36;48;50;54;64;67;68;70;73;76;80;84;85;87;91;97;101;106;108;113;116;126;141;144;154;161;165;168;177;178;184;186;191;196;202
