0;1;2;3
4;5
6;8
7
9;12
15;18;26;42;48;53
10;11;14;17;19;32;46
170
173;181;193;204;208;213;220
175;186;218
179;185;189;206;216;222;225
172;184
178;183
271;281;299;324
273;276;293;298
311
322;330
280;292;309;321;334
270;275;279
285
306;319;327
313
290;305
318;326;339
272;277;282;287;301;342
20;24;38;43;55;61;65;74;77;84;88;89;102;105;106;111;113;117;120;121;126;129;131;134;142;147;150;153;159;162;165;168;171;176;182;195;200;210;224;226;227;228;230;232;234;237;239;240;242;243;244;247;248;250;251;252;254;255;257;262;263;265;268
56;60;64;68;70;72;73;76;80;83;87;91;94;99;101;110;112;115;119;123;125;128;133;138;141;144;149;154;161;166;174;177;188;196;201;205;211;215;221;229;231;233;235;236;238;241;245;246;249;253;256;258;259;260;261;264;266;267;269
13;16;21;25;30;45;54;57;58;62;66;69;78;81;85;92;95;97;103;107;108;114;118;127;135;136;137;140;143;146;151;156;158;164;167
47;52;59;63;67;71;75;79;82;86;90;93;96;98;100;104;109;116;122;124;130;132;139;145;148;152;155;157;160;163;169
