0;6;9;10;11
12;13;14;15;16;17;18;19;20;21;22;23;24;25;26;27;28;29;30;31;32;33;34;35;36;37;38;39;40;41;42;43;44;45;46;47;48;49;50;51;52;53;54;55;56;57
58;60
61;63;66
62
64;68;70
75
67;69;72;74
59
286;289;298
288
297
77;81;86;89
182;186;194;199;211;217;224;243;257;261;271
185
190;198;202;204;216;240;254
193
208;215
221;231;239;253
230;238
237;251
206;225;235;248;281
212
245
273;285
272;280
80;84;91;94;109;113;118;122;129;132;135;137;148;151;156;159;162;167;173;180;188;192;200;219;228;236;269;279;290;294;301;302
83;88;90;93;96;102;104;108;116;121;126;128;134;147;152;155;164;169;174;177;183;189;197;201;220;229;250;268;278;283
95;99;101;103;105;111;120;123;125;127;133;136;140;143;144;150;161;170;175;181;196;207;214;227;260;267;277
79;82;87;92;100;106;107;112;115;117;131;138;141;145;149;157;160;163;165;171;178;184;187;191;195
97;98;110;114;119;124;130;139;142;146;153;154;158;166;168;172;176;179
