0;1;2;3
5
6;8
9;12;15;18;20
11;14;17;19;22;25;27;30;32;34;36;38;39;40;43;47;51;54;62;67;74;82;86;98;101;106;108;111;113;120;122;125;131;133;138;140;145;151;156;158;159;162;164;166;169;172;175;178;181;184;187;193;200;203;208;209;211
218;233
221;232;238;247;253;261
10
42;45;56
61;73;81;85;90;97
71
80;89
44;50;53;60
46;49
59;65;78
69;77;88;96
48
52;58;64
68;87
93
99
76
92
302;305;307;312;317;321;325;330;335;339;341
304;310
298;301;303;309;314;322;326
300;306;308;313
319
214;217;220;230;258;265;276
280
285
219;225;229;245
251;264
270;275;279
284;289
274
70;84;100;103;105;117;124;130;132;135;137;144;147;150;154;165;167;173;174;177;183;186;191;197;198;201;204;206;212;223;228;234;242;249;255;262;282;286;291;295;299
55;57;63;75;83;91;95;102;104;109;114;118;126;128;134;139;141;148;149;153;157;163;176;180;182;188;190;192;194;196;202;205;210;213;216;224;235;240;243;266;271;294
79;94;107;110;112;115;116;119;121;123;127;129;136;142;143;146;152;155;160;161;168;170;171;179;185;189;195;199;207
4;7;13;16;21;23;24;26;28;29;31;33;35;37;41
