0
1;2;4;5;6;7;9;11;13;15;17;18;20;24;25;29;32;35;38;39;40;41;42;43;45;46;47;48;51;53;54;56;59;61;62;63;65;66;67;69
71
72
78;87;89;94;100;108;121;123;130;131;139;147;157;166;172;181;189;190
195;203;208;213
76;81;83;99;103;107;112;114;118;125;128;129;141;148
153
159
3
154;169;183;196
200;204;211;215;221;228;240
210;214;219;226;234;236;239;243
163;168;184;191;199
209;225;233;238
218;242
247;269;279
260;267;293
257;275
264;274
282;285;289
288
74;79;84;88;90;95;97;101;104;109;115;119;122;124;126;132;140;152;158;167;173;178;182;194;232;249;253;266;292
82;86;92;105;111;113;117;120;127;134;145;150;162;165;176;187;197;206;223;231;235;245;251
80;93;102;106;138;146;151;156;171;177;188;193;198;202;217;224;237;241;244
8;10;12;14;16;19;21;22;23;26;27;28;30;31;33;34;36;37;44;49;50;52;55;57;58;60;64;68;70;73;75;77;85;91;96;98;110;116;137;144
