0
1;2
4;5
11;12;14;20;23;33;36;38;39;41;45;47;51;53;61;64;67;72;76;78;81;84;90;98;104;108;122;128;132;140;153;157;161;168;171;177;179;181;186;194;198;201;204;216;224;228;233;254;259;265;268;272;278;281;284;288;289;291;294;296;299;305;310;312;314;318;322;325;327;328;329;330;332;334;339;342
343;345
348;361;365
351;357;360;364
344;347;350;354
86;94;97;103;107;112;121;134;146
89;93;96;106;111;116;133;138;142;151
222;227
229;237;242;248;258;267;271;277;283
240;257;262
232
239;245
244;256;261
250;252;260;266;269
356;363
367;374;379
388
371
378;383;393;399;406;412
382;387;396;398;403
366;370;377;381;391;395;397;401
164;169;172;173;180;182;185;187;189;192;195;199;202;205;208;210;213;217;220;225;230;234;249;255;273;279;282;285;286;297;300;302;307;308;313;315;316;319;321;323;326;335;337;340;349;359;376;385;390;400;404;408;411;414
155;159;162;165;174;178;183;190;196;203;206;211;214;218;221;223;226;231;235;238;243;251;274;280;287;290;292;293;295;298;301;303;304;306;309;311;317;320;324;331;333;336;338;341;346;353
13;19;28;31;35;37;44;46;54;59;63;66;68;75;77;80;83;87;99;102;113;118;123;149;158;167;170;176;184;188;191;193;197;200;207;209;212;215;219
3;7;9;10;15;16;17;21;24;26;29;34;42;48;49;56;58;65;69;70;74
8;18;22;25;27;30;32;40;43;50;52;55;57;60;62;71;73;79;82;92;101;115;120;127;131;137;141;154
