0;1
2
4;10;18;24;36
29;34
40
45;47;49
5;8;11;20;27;44
121;124
129;134
130;133
138;148;153
132;135;141;157;161;166
123;126;127;128;137
140;147;152
165;172;176;179;183
144;151;155
163
260;283;291
262;267;272;282;290;301;308;315;322;329
276;293;310;316;332;338
331
254;259
261;266;271
265
280;289;300;306;337;342
299;305;320
279;297;304;313
258
264;278;295
270;277;286;312;325
160;164;171;175;178;184;186;188;193;195;199;203;204;210;213;215;218;220;222;223;225;230;235;237;239;240;243;245;249;250;255
136;139;142;145;149;154;167;180;185;187;189;191;194;196;197;198;200;202;206;216;221;224;226;228;229;233;234;236;238;241;246;248;251;256
12;17;23;30;41;48;50;53;54;55;56;60;65;69;70;71;73;76;78;80;82;83;85;87;89;92;94;95;96;98;99;102;104;105;108;109;110;112;113;115;117;119;122;125;131;143;146;159;168;174;182;190;192;201;205;207;208;209;211;212;214;217;219;227;231;232;242;244;247;252
52;57;58;59;61;62;63;64;66;67;68;72;74;75;77;79;81;84;86;88;90;91;93;97;100;101;103;106;107;111;114;116;118;120
