0;1;2;3;4
5;10
12
16;23;26;31;37
19;25;30;35;42
15;29;34;41
6
7;8
11;18;21;28;40;45;46;49
14;24;33
17;20;32;38;44;47;51;52
135
140;147;159;162;168;176;181;183;186;188
146;152;161;166
139;145;157;165;171;174
151;156;173;178;182
202;205;211;216;219
229
204;210;222
227
233;240;245;252
225
251;254
257
239;244
248
262;277
267;271;284
253;256;261
270;275;288
274
55;57;63;68;79;82;88;94;97;102;105;108;112;116;122;127;131;134;138;144;150;155;170;190;191;193;194;196;198;200;203
39;48;53;59;62;67;71;73;76;78;81;85;87;90;91;93;99;104;107;115;120;126;130;137;143;154;177;179;184;189;192;195;197;199;201
61;64;66;70;72;75;83;86;96;98;101;103;109;111;113;114;118;121;123;125;129;132;142;149
54;56;58;60;65;69;74;77;80;84;89;92;95;100;106;110;117;119;124;128
